author k medN rngN cohDorOR efftype medPow rngPow ref isD
Babbage 13 48 (24,67) -1.11 Random 0.96 (0.74,0.99) 24 1
Bai 18 322 (92,3152) 1.47 Random 0.20 (0.06,1.00) 25 0
Bjorkhem-Bergman 6 59 (37,72) -1.20 Random 0.99 (0.94,1.00) 26 1
Bucossi 21 85 (19,189) 0.41 Random 0.46 (0.13,0.79) 27 1
Chamberlain 11 53 (20,452) -0.51 NA 0.54 (0.33,1.00) 28 1
Chang 56 55 (20,309) -0.19 Random 0.10 (0.07,0.38) 29 1
Chang 6 616.5 (157,1492) 0.98 Fixed 0.05 (0.05,0.06) 30 0
Chen 12 1193 (288,29573) 0.60 Random 0.92 (0.13,1.00) 31 0
Chung 11 253 (129,703) 0.67 Fixed 0.09 (0.00,0.15) 32 0
Domellof 14 143.5 (42,5795) 2.12 Random 0.47 (0.00,1.00) 33 0
Etminan 14 109 (31,753) 0.80 Random 0.08 (0.05,0.23) 34 0
Feng 4 450 (370,1715) 1.20 Fixed 0.16 (0.09,0.42) 35 0
Green 17 69 (29,687) -0.59 Random 0.65 (0.34,1.00) 36 1
Han 14 212 (40,4190) 1.35 Random 0.12 (0.05,0.95) 37 0
Hannestad 13 23 (12,100) -0.13 Random 0.09 (0.07,0.25) 38 1
Hua 27 468 (114,1522) 1.13 Random 0.09 (0.06,0.22) 39 0
Lindson 8 257 (48,1100) 1.05 Fixed 0.05 (0.05,0.06) 40 0
Liu 12 563 (148,1956) 1.04 Fixed 0.05 (0.05,0.07) 41 0
Lui 6 1678 (1033,9242) 0.89 Fixed 0.15 (0.12,0.60) 42 0
MacKillop 57 52 (18,227) 0.58 Fixed 0.51 (0.21,0.99) 43 1
Maneeton 5 53 (22,162) 1.67* Random 0.13 (0.08,0.35) 44 0
Ohi 6 674 (200,2218) 1.12 Fixed 0.10 (0.07,0.24) 45 0
Olabi 14 68.5 (14,209) -0.40 Random 0.34 (0.13,0.83) 46 1
Oldershaw 10 65.5 (40,126) -0.51 Random 0.53 (0.35,0.79) 47 1
Oliver 7 156 (66,677) 0.86 Fixed 0.07 (0.06,0.17) 48 0
Peerbooms 36 229 (26,2913) 1.26 Random 0.11 (0.00,0.36) 49 0
Pizzagalli 22 16 (8,44) 0.92 Random 0.44 (0.19,0.90) 50 1
Rist 5 150 (99,626) 2.06 Random 0.55 (0.35,0.98) 51 0
Sexton 8 35 (20,208) 0.43 Fixed 0.24 (0.15,0.98) 52 1
Shum 11 40 (24,129) 0.89 Fixed 0.78 (0.54,0.93) 53 1
Sim 2 72 (46,98) 1.23* Random 0.07 (0.07,0.08) 54 0
Song 12 85 (32,279) 0.15 NA 0.10 (0.07,0.21) 55 1
Sun 6 437.5 (158,712) 1.93 Fixed 0.65 (0.14,0.98) 56 0
Tian 4 50 (32,63) 1.26 NA 0.98 (0.93,1.00) 57 1
Trzesniak 11 124 (55,279) 1.98 Random 0.27 (0.09,0.64) 58 0
Veehof 8 58.5 (19,156) 0.37 Fixed 0.26 (0.12,0.60) 59 1
Vergouwen 24 223 (39,1015) 0.83 Random 0.09 (0.06,0.22) 60 0
Vieta 10 212 (113,361) 0.68* Random 0.27 (0.16,0.39) 61 0
Wisdom 53 137 (20,7895) -0.14 NA 0.12 (0.06,1.00) 62 1
Witteman 26 28 (15,80) -1.41 Random 0.94 (0.66,1.00) 63 1
Woon 24 30 (8,68) -0.60 Random 0.36 (0.11,0.69) 64 1
Xuan 20 348.5 (111,1893) 1.00 Random 0.05 (0.05,0.05) 65 0
Yang(cohort) 14 296 (100,1968) 1.38 Random 0.18 (0.11,0.79) 66 0
Yang(case.control) 7 126 (72,392) 2.48 Random 0.73 (0.43,0.93) 66 0
Yang 3 51 (18,205) 0.67 NA 0.65 (0.27,1.00) 67 1
Yuan 14 116.5 (19,1178) 4.98 Fixed 0.92 (0.33,1.00) 68 0
Zafar 8 78.5 (46,483) 1.07* Random 0.05 (0.00,0.06) 69 0
Zhang 12 337.5 (39,901) 1.27 Random 0.14 (0.01,0.30) 70 0
Zhu 8 110 (48,371) 0.84 Random 0.97 (0.81,1.00) 71 1
